Precision: 0.3643486777668952
Recall: 0.2234905376990087
F1-Score: 0.2770433811208341
