Precision: 0.36777668952007836
Recall: 0.22559327125262843
F1-Score: 0.2796499720722398
