Precision: 0.4861477572559367
Recall: 0.221387804145389
F1-Score: 0.3042311661506708
