Precision: 0.5158311345646438
Recall: 0.23490537699008712
F1-Score: 0.3228070175438597
