Precision: 0.6584342963653308
Recall: 0.42445178732352057
F1-Score: 0.5161643835616438
