Precision: 0.608574091332712
Recall: 0.39231000300390506
F1-Score: 0.47707762557077626
