Precision: 0.5386766076421249
Recall: 0.3472514268549114
F1-Score: 0.42228310502283106
