Precision: 0.5180327868852459
Recall: 0.28477020126164015
F1-Score: 0.36751308393099436
