Precision: 0.5027322404371585
Recall: 0.2763592670471613
F1-Score: 0.3566582671060283
