Precision: 0.551604938271605
Recall: 0.6710723941123461
F1-Score: 0.6055021005556309
