Precision: 0.5565432098765432
Recall: 0.6770802042655452
F1-Score: 0.6109228892803902
