Precision: 0.5185185185185185
Recall: 0.6308200660859117
F1-Score: 0.5691828160997424
