Precision: 0.5165618448637317
Recall: 0.3700811054370682
F1-Score: 0.4312215610780539
