Precision: 0.6079664570230608
Recall: 0.435566236106939
F1-Score: 0.5075253762688134
