Precision: 0.5710691823899371
Recall: 0.4091318714328627
F1-Score: 0.4767238361918095
